0 35 23 23 2 27 27 17 26 37 39 9 8 14 41 35 14 8 21 32
35 0 45 6 9 45 28 16 43 20 10 34 42 29 11 10 17 28 34 20
23 45 0 25 31 8 25 18 23 3 2 16 35 34 17 18 40 28 25 16
23 6 25 0 5 7 33 39 23 17 14 1 43 38 27 2 3 7 23 24
2 9 31 5 0 39 5 2 9 39 10 0 33 23 42 1 28 13 25 25
27 45 8 7 39 0 5 10 45 38 21 15 0 42 23 5 5 39 22 11
27 28 25 33 5 5 0 30 39 10 25 17 25 44 9 7 9 23 37 39
17 16 18 39 2 10 30 0 20 36 42 27 45 30 14 6 36 41 12 30
26 43 23 23 9 45 39 20 0 14 8 26 10 35 5 1 34 9 7 16
37 20 3 17 39 38 10 36 14 0 42 26 30 3 13 20 22 17 11 14
39 10 2 14 10 21 25 42 8 42 0 0 39 9 22 28 27 16 15 20
9 34 16 1 0 15 17 27 26 26 0 6 7 10 38 29 39 16 33 16
8 42 35 43 33 0 25 45 10 30 39 7 41 23 13 16 9 7 26 32
14 29 34 38 23 42 44 30 35 3 9 10 0 34 44 26 4 15 38 7
41 11 17 27 42 23 9 14 5 13 22 38 13 0 44 23 30 37 23 15
35 10 18 2 1 5 7 6 1 20 28 29 16 26 0 21 2 0 17 39
14 17 40 3 28 5 9 36 34 22 27 39 9 4 30 2 0 16 40 0
8 28 28 7 13 39 23 41 9 17 16 16 7 15 37 0 16 0 4 18
21 34 25 23 25 22 37 12 7 11 15 33 26 38 23 17 40 4 0 3
32 20 16 24 25 11 39 30 16 14 20 16 32 7 15 39 0 18 3 0