0 43  9 41 13 15 46 15 16 17 43 31 44 23 26 34 50 20  4 26 27 37  2 34 36  2 27 28 28  8
43  0 43 45 17 29 40 12 31 49 22 10 42 42 16  4 29 22 36 38 44 37 25  9 22 39  9 17 50  2
 9 43  0 19  3 27 49 11 45 48 16 43 37 30 41 40  6 25 39 20 47 12 21 46 16 15 21 40  1 11
41 45 19  0 28 42 31 34  1 24 14 26 22 38 33 32 20 50 18 36  8 19  1  7  8 42 27 49 14 33
13 17  3 28  0 18 37 35 24  3 48 46 10 40 46 43 45 46 18  7 40 37 29 16  8 12 33 11 45 32
15 29 27 42 18  0 46 15 31 40  9 22 30 50  7 12 47 40 25  3 23  5 13 38 36 43 36 29 36 10
46 40 49 31 37 46  0 20 16 30  1 36 29 46 17 19 17 24 30  9 28 14 29 15 28 21 28 38  2  1
15 12 11 34 35 15 20  0  3  8  2 47 36 23 25 18 32 49 44 11 32 42 12 45 23 36 29 16  4 50
16 31 45  1 24 31 16  3  0 20 27  8 30 17 25 36 24 31 45  4 35 19 42 11 21 37 43  4 35 21
17 49 48 24  3 40 30  8 20  0 32 35 38 32  5 41 37 36 32 32 28  8 44 34 42 43 22 17 14 22
43 22 16 14 48  9  1  2 27 32  0 24 47 37 29 33 21  1 23 28 27 42 19  7 29 39 32 38 41 13
31 10 43 26 46 22 36 47  8 35 24  0 41 20 44  5 43  6  6  2 39 11 34  5 22 15 14 32 40 44
44 42 37 22 10 30 29 36 30 38 47 41  0 15 20 39 23  5 20 33 12 30 30 35 37 43 41 36 23 10
23 42 30 38 40 50 46 23 17 32 37 20 15  0 19 17 22 43  8  1  2  4 36 28 35 21 23 43  4 35
26 16 41 33 46  7 17 25 25  5 29 44 20 19  0 48 27 44 31 46  6 41  8 32  0 33 13 34 38 15
34  4 40 32 43 12 19 18 36 41 33  5 39 17 48  0 45 21 48 18  3 10 44  6 19  3 47 16 14 46
50 29  6 20 45 47 17 32 24 37 21 43 23 22 27 45  0  4 14 24 36 49 31 35 50  4 45 31 23 13
20 22 25 50 46 40 24 49 31 36  1  6  5 43 44 21  4  0  5 49  5  5 19 38 37 38 27 12 25  6
 4 36 39 18 18 25 30 44 45 32 23  6 20  8 31 48 14  5  0 15 25 40 15  7  1 40 38 39 17 21
26 38 20 36  7  3  9 11  4 32 28  2 33  1 46 18 24 49 15  0 22 31 47 33 29  4  7  6 21 10
27 44 47  8 40 23 28 32 35 28 27 39 12  2  6  3 36  5 25 22  0 32 29 42 42 18 34 24 48 31
37 37 12 19 37  5 14 42 19  8 42 11 30  4 41 10 49  5 40 31 32  0 23 36 11  1  3  7 45 40
 2 25 21  1 29 13 29 12 42 44 19 34 30 36  8 44 31 19 15 47 29 23  0 29 30 50 30 17 33  3
34  9 46  7 16 38 15 45 11 34  7  5 35 28 32  6 35 38  7 33 42 36 29  0 34 20 21 41 46 18
36 22 16  8  8 36 28 23 21 42 29 22 37 35  0 19 50 37  1 29 42 11 30 34  0 25 17  5 36 48
 2 39 15 42 12 43 21 36 37 43 39 15 43 21 33  3  4 38 40  4 18  1 50 20 25  0 11 45  3 43
27  9 21 27 33 36 28 29 43 22 32 14 41 23 13 47 45 27 38  7 34  3 30 21 17 11  0 21 36 23
28 17 40 49 11 29 38 16  4 17 38 32 36 43 34 16 31 12 39  6 24  7 17 41  5 45 21  0 26 26
28 50  1 14 45 36  2  4 35 14 41 40 23  4 38 14 23 25 17 21 48 45 33 46 36  3 36 26  0 45
 8  2 11 33 32 10  1 50 21 22 13 44 10 35 15 46 13  6 21 10 31 40  3 18 48 43 23 26 45  0