 0  4 37  1 25  3 27 47  1  6 15 50 38 14 15 50 48 26 30  5 34 31  6 26 30 22 17 31 42 46 47 12 42  4 36 21 24 25 17 28 46  6 18  0 41 38 13 19 34  8
 4  0 29  8 17  8 22 21 48  8 20 48 34 27 42  9  3  7 47 26 21 28 32 10 45 41 35 45 32 12  6 30 21 17  1  8  1  7 29 23 25 41  5 23 40 18  2 19 26 44
37 29  0 26  4 40 35 13 48 42 38 29 47 33 15 46 23 39 13 43 29 10 20 34 48 28 45 19 26 43 11 45 42 27 50 28 45  8 36 22 46  4 11 26 17 18 30 15 39 47
 1  8 26  0  5 20 26 36 13 49 31 35 48 23  7 34 22 47 43 30 48  5 19 50 40 50 47 27  0  2 35 45 14 11 28 44 36 13 16 19 22 16  4  5 44 14 21 37  9 39
25 17  4  5  0  4  8 15 24  9 33 29  9 48 16 43  7 32 21  4  3 25 26 21 27  3 39 33 14 25  7 28 17 43 50 45 47 32 22 18 18  3 44 27  7 31  5 26  4 35
 3  8 40 20  4  0 50 30 47 45 33 18 34  8 22  9 30 41 36 39 30 23 38 18 43 26 18  9 33 27 28 22 12  2 34  6 40  9 48  8 27  0 26 11 18 23 15 39 33 20
27 22 35 26  8 50  0 48 19 15  8 34 20 15 14 46 48 49  6  2  6 13 32 33 32 27 17 36 12 40  7  0 45 41 21 26 48 37 31 34  9  9 48 19 50 12 33 38  7 19
47 21 13 36 15 30 48  0  0 29 30 33 24 23 12 27 26 17  6 44 33 25 40 44 46 38  8 13 37 36 45  7  9 25 16 47 41 19 45 35 26 11 15  9 44  7 12 49 29 47
 1 48 48 13 24 47 19  0  0 37  2 24 30 36  1 39 50 14 46 14 16  6 45 18 41  1 36 27 12 11 20 17 22 13 49  3 39 11 44  4 34 41  0 43 30 13 43 10  8 17
 6  8 42 49  9 45 15 29 37  0 39 10 21 39  4  3 16 17 48 43 16  3  9 21 48 19 41 26 43 42 48 11 25 40  3 44 30 16 16 33 33 45 17 42 20 31 49 37 24  4
15 20 38 31 33 33  8 30  2 39  0 45 27 38  5 43 33  4 40 19 27 48 26 15 21 29 37 16 42 33 26 19 17  0  3 45 43 14 42 30  2  1 18 29  8  5 44 12  2  2
50 48 29 35 29 18 34 33 24 10 45  0  1 47  7 13  2 38 36 14 34 36 50 34 48 41  6 45 37 37 36  8 17 17  6 32 45  4 36 35 30 12 47 31 48 12 47 12  3  3
38 34 47 48  9 34 20 24 30 21 27  1  0 11  5  8  2  5 30 34 11  5 50 38 13 20 50 47 44 14 37 29 31  9 35 11  5 50 49 44  7 23 22 31 35 25 49 16 19 28
14 27 33 23 48  8 15 23 36 39 38 47 11  0 30 42 17 33 10 15  1 26 43  1 44 17 11 26 29 13 37 40 11 39 18  4 27 20 10 25 23 43 27 12 16 48  4 42 14 18
15 42 15  7 16 22 14 12  1  4  5  7  5 30  0 22 30  6 25 38 44  9 23 45 23 19 13 13 26 46 35 38 19 15 16 21 42 43 40 22  3 35 15  0 47 31 43 25 37 45
50  9 46 34 43  9 46 27 39  3 43 13  8 42 22  0  4 47 49 32  2  0 28 30 44 25 23 10 12 16 43 32 26 47  1 40 32 20 29 17 13 13  0 30 13 22 38 18 12 25
48  3 23 22  7 30 48 26 50 16 33  2  2 17 30  4  0 43  9  9 41 33 18 21 49 21 28 43 14 47  7 49 14  6 27 12 48  3 11  8 27  2 31 10 18  2 14  1 32 38
26  7 39 47 32 41 49 17 14 17  4 38  5 33  6 47 43  0  3 19 14 26 45 40 33  8  7  7 11 12  5 29 43 17  7 22 10  3 19  2 31 14 10  0 32 20 45 47 33 28
30 47 13 43 21 36  6  6 46 48 40 36 30 10 25 49  9  3  0 30 36  9 18 40 39 46  2 33  1 50 32 42 49 18 34 20 49 42 50 12  0 30 46 26 16 37 37 24 35 50
 5 26 43 30  4 39  2 44 14 43 19 14 34 15 38 32  9 19 30  0 11 45 45 11 19 29 28 50 26 45 40 33 20 40 22  2 44 35  1  5 20 44 39  3 46  8 35 33 44 19
34 21 29 48  3 30  6 33 16 16 27 34 11  1 44  2 41 14 36 11  0 20 25 29 13  2 50  4 40 25 19 14 23 23 27 28 29 24 21 19 10 48  8 25 11 10 26 40 30 15
31 28 10  5 25 23 13 25  6  3 48 36  5 26  9  0 33 26  9 45 20  0 48 48 18 30  9 10 24  4 13 38 24 39 20 14 36 28 16 42 14 30 13 27 48 32 21 36 45 14
 6 32 20 19 26 38 32 40 45  9 26 50 50 43 23 28 18 45 18 45 25 48  0 34 45 22 35 45 10 48 32 45 29 38 19 30 48 44 17 25 25 14 14 12 28 24 12 47 30 37
26 10 34 50 21 18 33 44 18 21 15 34 38  1 45 30 21 40 40 11 29 48 34  0 18 38 49  5 42 32  7 46 35 13 10 14  0 32 49 31 14 30 32 38 15 11 38 30 19 43
30 45 48 40 27 43 32 46 41 48 21 48 13 44 23 44 49 33 39 19 13 18 45 18  0 26 43 10  6 27 14 22 38 45  6 46  8 17 37 37  6 10  7  3 13 27 13 41 20 41
22 41 28 50  3 26 27 38  1 19 29 41 20 17 19 25 21  8 46 29  2 30 22 38 26  0 47 38 10 34 20 10  0 33 10 21  9  2 13 10 44 45 45  3  1 28 47  5 48 34
17 35 45 47 39 18 17  8 36 41 37  6 50 11 13 23 28  7  2 28 50  9 35 49 43 47  0 17 33  5 40 39 28 28  4 18 12 41 16  9 26 50  8 13 28 37 34 23 43 21
31 45 19 27 33  9 36 13 27 26 16 45 47 26 13 10 43  7 33 50  4 10 45  5 10 38 17  0 23 45 25  7 26 48 44  9 32 32 13 46 43 37 23 29 35 42 12 45  1 19
42 32 26  0 14 33 12 37 12 43 42 37 44 29 26 12 14 11  1 26 40 24 10 42  6 10 33 23  0 17 48  1 15 34 13 29 20 37 17 33  2  2  5 10 50 26 37 14 47 47
46 12 43  2 25 27 40 36 11 42 33 37 14 13 46 16 47 12 50 45 25  4 48 32 27 34  5 45 17  0 41 29  7 18 32 25 29 35 15 16 44 38  6 40 14 28 45 47 34 40
47  6 11 35  7 28  7 45 20 48 26 36 37 37 35 43  7  5 32 40 19 13 32  7 14 20 40 25 48 41  0 21 29 20  8 15 26 29  2  5 29  7 16  5 23 26  8  9 50 38
12 30 45 45 28 22  0  7 17 11 19  8 29 40 38 32 49 29 42 33 14 38 45 46 22 10 39  7  1 29 21  0 22 37 28  3 40 37  4  9 45 13 10 18 12 39 17  4  7 24
42 21 42 14 17 12 45  9 22 25 17 17 31 11 19 26 14 43 49 20 23 24 29 35 38  0 28 26 15  7 29 22  0  3 43 21 17 30 26  5 32  0 13 37 30 50 34 43 25 31
 4 17 27 11 43  2 41 25 13 40  0 17  9 39 15 47  6 17 18 40 23 39 38 13 45 33 28 48 34 18 20 37  3  0 36 18 36 30 19 49 17  8 46 15 25 39 21  2 46 44
36  1 50 28 50 34 21 16 49  3  3  6 35 18 16  1 27  7 34 22 27 20 19 10  6 10  4 44 13 32  8 28 43 36  0 48 41 29 24 31 26  1 19 35  3 35 11 20  7  1
21  8 28 44 45  6 26 47  3 44 45 32 11  4 21 40 12 22 20  2 28 14 30 14 46 21 18  9 29 25 15  3 21 18 48  0 34  2 33  0 25 29 41 38 34 13 36 14 46 14
24  1 45 36 47 40 48 41 39 30 43 45  5 27 42 32 48 10 49 44 29 36 48  0  8  9 12 32 20 29 26 40 17 36 41 34  0 18  7 47 45 36 14 33 24 26 50 48  1  2
25  7  8 13 32  9 37 19 11 16 14  4 50 20 43 20  3  3 42 35 24 28 44 32 17  2 41 32 37 35 29 37 30 30 29  2 18  0  8 12 31 49  6 42 44 14 41 11 32 22
17 29 36 16 22 48 31 45 44 16 42 36 49 10 40 29 11 19 50  1 21 16 17 49 37 13 16 13 17 15  2  4 26 19 24 33  7  8  0 24  0 23 20 13 26 13 46 25 46 43
28 23 22 19 18  8 34 35  4 33 30 35 44 25 22 17  8  2 12  5 19 42 25 31 37 10  9 46 33 16  5  9  5 49 31  0 47 12 24  0 15 11 46  6 30 30 14  2 28  8
46 25 46 22 18 27  9 26 34 33  2 30  7 23  3 13 27 31  0 20 10 14 25 14  6 44 26 43  2 44 29 45 32 17 26 25 45 31  0 15  0 37 15 25 22 36 26 37 24  4
 6 41  4 16  3  0  9 11 41 45  1 12 23 43 35 13  2 14 30 44 48 30 14 30 10 45 50 37  2 38  7 13  0  8  1 29 36 49 23 11 37  0 32 47 26 15 15 23  8  3
18  5 11  4 44 26 48 15  0 17 18 47 22 27 15  0 31 10 46 39  8 13 14 32  7 45  8 23  5  6 16 10 13 46 19 41 14  6 20 46 15 32  0 41 35 25 15 22 31  0
 0 23 26  5 27 11 19  9 43 42 29 31 31 12  0 30 10  0 26  3 25 27 12 38  3  3 13 29 10 40  5 18 37 15 35 38 33 42 13  6 25 47 41  0 44 30 31 29 44 23
41 40 17 44  7 18 50 44 30 20  8 48 35 16 47 13 18 32 16 46 11 48 28 15 13  1 28 35 50 14 23 12 30 25  3 34 24 44 26 30 22 26 35 44  0 18  1  6 46 20
38 18 18 14 31 23 12  7 13 31  5 12 25 48 31 22  2 20 37  8 10 32 24 11 27 28 37 42 26 28 26 39 50 39 35 13 26 14 13 30 36 15 25 30 18  0 34 27 36 14
13  2 30 21  5 15 33 12 43 49 44 47 49  4 43 38 14 45 37 35 26 21 12 38 13 47 34 12 37 45  8 17 34 21 11 36 50 41 46 14 26 15 15 31  1 34  0 21 17 38
19 19 15 37 26 39 38 49 10 37 12 12 16 42 25 18  1 47 24 33 40 36 47 30 41  5 23 45 14 47  9  4 43  2 20 14 48 11 25  2 37 23 22 29  6 27 21  0 33 18
34 26 39  9  4 33  7 29  8 24  2  3 19 14 37 12 32 33 35 44 30 45 30 19 20 48 43  1 47 34 50  7 25 46  7 46  1 32 46 28 24  8 31 44 46 36 17 33  0 15
 8 44 47 39 35 20 19 47 17  4  2  3 28 18 45 25 38 28 50 19 15 14 37 43 41 34 21 19 47 40 38 24 31 44  1 14  2 22 43  8  4  3  0 23 20 14 38 18 15  0